37 J_liner_layer
10 10 0.001 1 0.2 0.999 0.001
-0.238904 0.437774 0.279925 -0.276191 0.165076 -0.440599 -0.503375 -0.311574 0.286644 -0.239934 0.100494 
0.405897 -0.328024 -0.0426019 -0.741388 -0.360241 -0.419455 -0.386671 0.510511 -0.0506239 0.631397 -0.447224 
-0.648057 -0.0981944 -0.913388 -0.00193925 -0.318101 -0.619478 -0.161713 0.30014 0.427779 1.19401 -0.254362 
-0.404485 -0.35189 -0.177725 0.0757749 -0.163589 0.098522 -0.508273 -0.0871417 -0.268182 -0.0129924 -0.45 
0.110595 -0.378285 0.475051 -0.36212 -0.225237 0.424648 0.104384 0.08012 0.150731 -0.708207 -0.203906 
0.423693 0.157758 0.305871 0.0797878 0.121425 -0.911306 -0.52256 -0.111751 0.267219 -0.437497 -0.0657385 
-0.515742 -0.375457 -0.271021 -0.153765 -0.0391168 -0.20559 -0.436711 0.274219 -0.499602 0.0756212 -0.0387663 
-0.232258 0.631547 -1.04864 0.226192 0.279425 -0.939795 0.344073 -0.590068 0.801812 1.15744 -0.0468445 
0.153105 -0.486274 0.508681 0.741917 0.364432 0.413167 0.00450231 0.245843 -0.622864 -0.588556 -0.0976094 
-0.295148 -0.0328985 0.382785 -0.623231 0.567905 0.74939 -0.210082 0.284932 0.317467 -0.381286 -0.166923 
