37 J_liner_layer
4 10 0.001 1 0.2 0.999 0.001
0.212418 -0.324141 -0.37025 -0.18725 0.322425 
0.0382662 0.558779 0.621707 0.177707 -0.216271 
1.69495 -1.20246 0.309836 0.051836 -0.0539836 
-0.92277 -0.124853 0.562121 0.399121 -0.490912 
0.120363 0.0778862 -0.19951 -0.39051 -0.079949 
-1.01549 -0.973681 0.0679502 0.61895 -0.150195 
-0.377688 -0.0877922 -0.15923 -0.19923 -0.341577 
0.00712666 0.26077 -0.092421 -0.526421 0.0135421 
1.08018 -0.0531426 -0.662847 -0.434847 0.0810847 
0.0561149 -2.38294 0.468452 0.525452 0.233255 
