37 J_liner_layer
6 10 0.001 1 0 -1 1e-05
0.33785 0.0273576 0.230074 -0.008 0.410206 0.404726 -0.27242 
0.0397928 -0.0838644 -0.194717 0.171 0.497987 -0.16086 -0.391391 
-0.219755 0.232132 0.21045 -0.23 -0.208102 -0.44828 0.435499 
0.386195 0.101102 0.155961 -0.334 0.489342 -0.380929 -0.102796 
-0.20537 -0.22321 0.205105 -0.302 -0.296784 -0.354496 0.359685 
-0.433577 0.251792 -0.245046 -0.23 -0.154303 0.0909709 0.164845 
0.319646 0.329327 0.13817 -0.039 0.327156 0.234879 -0.121767 
-0.418888 0.356294 0.319956 -0.169 -0.237758 0.486974 0.203187 
0.371845 0.0776169 -0.411769 -0.132 -0.555661 -0.163057 0.248435 
-0.341193 -0.262363 -0.11108 -0.395 -0.381325 -0.263931 0.0820681 
