37 J_liner_layer
6 10 0.001 1 0 -1 1e-05
0.426534 -0.309164 -0.293564 -0.307 -0.163446 -0.129583 0.15712 
-0.224224 -0.197838 -0.436898 -0.222 -0.264109 0.010647 0.236339 
0.0888889 0.375409 0.0366272 0.114 0.417455 -0.110351 -0.298909 
0.0199239 0.364648 -0.153127 -0.191 -0.207149 -0.260879 -0.414757 
0.038047 -0.0166811 -0.154551 0.295 0.445069 -0.172817 -0.304169 
-0.45613 -0.0854117 -0.353703 -0.23 -0.14068 0.30991 0.101322 
-0.0774854 0.455336 0.0010929 -0.092 -0.413954 0.00530059 0.17331 
-0.341247 -0.0638837 -0.140988 -0.161 0.117128 0.446155 -0.0452943 
-0.324163 0.109855 -0.0957863 -0.128 -0.0521758 0.464848 0.168379 
-0.115422 0.447764 -0.146318 -0.464 -0.114034 0.0420755 0.399608 
