37 J_liner_layer
7 10 0.001 1 0 -1 1e-05
0.0839424 0.464226 -0.397994 -0.201125 0.200267 0.0707456 -0.233249 -0.245249 
-0.0487918 -0.182545 0.104851 0.147259 -0.30315 0.144562 0.442901 -0.160481 
0.280871 -0.343901 0.291471 0.268891 0.470854 0.187303 0.294127 -0.199217 
-0.335658 0.323446 0.208383 0.120334 0.177999 0.0152862 -0.373667 0.263667 
-0.14284 -0.202432 0.22704 0.458646 -0.428079 0.371266 0.338145 -0.109708 
-0.00616417 -0.4017 0.237203 0.269917 -0.375403 0.501708 -0.265467 -0.404165 
-0.103513 0.221385 0.104802 -0.399913 -0.0888666 -0.275642 -0.126479 -0.342826 
0.407521 0.38489 -0.02244 -0.335642 -0.249576 0.409201 -0.0228576 -0.483284 
0.0315363 0.049534 0.0907705 -0.131941 -0.442841 -0.135703 -0.408514 0.0621189 
0.358342 0.346023 0.156962 0.323578 -0.207972 0.454382 0.422703 0.128156 
