37 J_liner_layer
7 10 0.001 1 0 -1 1e-05
0.0612168 -0.278347 0.230762 -0.0908743 0.462121 -0.475103 -0.250717 0.186251 
0.0734912 0.023174 -0.176483 -0.440569 -0.0217637 0.00824234 0.164353 -0.482138 
-0.108102 0.0403873 -0.240582 0.499161 0.385404 -0.189615 0.283416 0.000321492 
-0.268564 -0.213315 0.314974 -0.325727 0.16854 -0.117777 -0.143185 -0.00145386 
-0.363806 -0.364042 0.377691 0.177804 0.137749 0.120744 0.197097 0.289609 
-0.481219 0.27551 0.106651 0.495234 0.207672 -0.0166308 -0.32512 -0.296532 
-0.359969 0.275152 -0.392061 -0.063016 0.13537 0.482844 -0.47031 -0.237032 
-0.381563 -0.0131935 -0.311966 0.360123 0.505958 -0.0857861 -0.255922 0.297246 
-0.269133 0.0919414 0.251498 0.4616 -0.0322129 0.258654 -0.108609 0.1632 
-0.507615 -0.24628 -0.135606 0.0858984 -0.409327 -0.0891117 0.282232 -0.298203 
