37 J_liner_layer
7 10 0.001 1 0 -1 1e-05
0.494392 0.118712 0.402067 0.175929 0.064248 -0.0278146 0.237334 0.0148573 
-0.424934 0.487261 0.108794 0.350339 -0.351565 -0.362275 0.105942 -0.355322 
0.482248 0.307323 -0.212281 0.339497 -0.204759 -0.0750349 0.0525798 -0.397007 
-0.483319 -0.22205 -0.366654 0.0246901 0.450203 0.184148 0.245633 0.27738 
-0.249106 0.407655 0.215055 -0.245082 -0.078989 0.422353 -0.261175 0.380837 
0.330298 -0.0860465 -0.491208 0.0163375 0.128872 0.304236 -0.373753 -0.164325 
-0.191176 -0.336934 -0.489884 -0.123158 -0.088536 0.197486 -0.371235 -0.155316 
-0.456181 0.0234772 0.0159798 0.00872328 0.119314 -0.247705 0.102939 0.248447 
-0.0120341 0.13153 -0.400768 -0.315187 -0.317159 0.0574799 0.108402 -0.134374 
-0.0840455 0.0791057 0.387193 0.380168 -0.311171 -0.0656995 0.37157 -0.0286644 
