37 J_liner_layer
6 10 0.001 1 0 -1 1e-05
0.386524 0.0866335 -0.467205 0.041 -0.262049 0.0873616 0.183315 
0.141017 -0.404834 0.478655 0.019 0.414876 0.176816 0.144517 
-0.0335169 -0.251389 -0.365768 0.05 0.315364 0.2716 0.327107 
-0.439724 0.33662 -0.339815 0.388 0.0942302 -0.284216 0.11895 
-0.34022 0.553256 0.136447 -0.287 -0.0150306 -0.143056 -0.143509 
0.29294 0.0316225 -0.462705 0.149 -0.369189 0.0490245 -0.444348 
-0.00465572 -0.250207 -0.416673 -0.39 -0.227568 -0.124109 0.0124222 
-0.0140549 0.187086 0.371189 0.303 -0.371874 -0.248785 0.162963 
-0.407687 -0.0630362 0.304008 0.002 0.121308 -0.126308 0.0203604 
-0.324019 0.303244 0.470436 -0.371 -0.0771703 0.357576 -0.451213 
