37 J_liner_layer
10 20 0.001 1 0.2 0.999 0.001
-0.0402626 -0.0327508 0.15011 -0.00875177 -0.180138 -0.444609 -0.457001 0.136971 0.612995 0.447322 -0.489864 
0.330617 0.0188784 0.110393 -0.422597 -0.422698 0.116273 -0.280891 0.178446 -0.398978 0.35799 -0.109315 
0.200586 0.593885 -0.113992 -0.330656 0.153048 -0.293223 -0.23731 -0.0371716 -0.265586 0.104454 -0.34996 
-0.0129938 0.0127705 -0.011546 0.0216368 -0.0366785 0.0186507 0.705928 -1.77314 -0.67168 1.97092 -0.981855 
0.000804683 0.00535008 0.00162828 -0.0187704 0.88229 -0.0870344 -0.840329 -0.0216532 -0.255439 0.125123 1.07372 
-0.440084 -0.102761 -0.111386 -0.0727374 0.186935 0.242615 -0.248297 -0.121821 -0.241087 0.188691 0.367217 
0.0346073 -0.145592 -0.00478736 -0.078831 -0.131056 -0.213306 -0.000746912 -0.113804 -0.259728 -0.020623 0.454859 
0.0790565 -0.180602 0.00251882 -0.112745 0.185051 -0.418467 0.388332 0.136118 0.357387 -0.224709 0.437168 
0.138084 -0.16689 0.183962 -0.0666974 0.265919 -0.381265 -0.518595 -0.384331 0.00912307 -0.0116101 0.222762 
-0.0303403 0.0355172 -0.0572007 0.0551093 -0.0468356 0.0398212 -0.0658519 0.00841667 -0.27335 0.0297224 1.16823 
0.202017 -0.0398373 -0.396528 -0.292252 -0.240803 0.241594 -0.409692 -0.428508 0.198248 0.399815 -0.0644926 
-0.0703295 0.358233 -0.118238 -0.0650567 0.242949 0.379608 0.268208 -0.445106 -0.422631 0.272086 0.240569 
0.0698061 0.00850744 0.111296 0.0378636 0.318074 -0.00144203 0.298683 0.0613397 -0.182971 -0.0720586 1.07986 
-0.0128615 -0.000831855 -0.017805 0.00686474 0.0251479 -0.0315258 1.29537 0.56624 -1.62136 -0.645364 0.839979 
-0.0101489 -0.0069874 -0.0151736 0.0110237 0.0377585 0.0196402 -1.50913 -0.889321 1.5666 0.930011 1.0685 
-0.0109295 0.00704515 -0.0192901 0.0090627 -0.0064564 0.0131757 0.785223 -1.60151 -1.01214 1.7195 0.945962 
-0.0519332 -0.00402438 -0.0895093 0.00466423 -0.0819807 0.0125559 -0.135729 0.027196 -0.398077 -0.00812256 2.33807 
0.102329 0.54244 -0.160054 0.375981 0.316176 -0.357578 0.26289 -0.168833 0.0936528 0.167962 -0.211306 
-0.0146085 0.000487836 0.427772 -0.120434 -0.756244 0.095954 -0.212446 0.0315164 0.620093 0.000204113 0.852267 
-0.0276381 0.00568233 0.0139538 -0.0111534 0.111634 0.716968 0.103921 -0.473324 -0.532317 -0.306707 -1.10707 
