37 J_liner_layer
10 20 0.001 1 0.2 0.999 0.001
-0.00800463 -0.00600318 -0.00461837 0.00416405 0.0254152 -0.0615415 0.211862 0.0204674 -0.238846 -0.30183 1.81392 
-0.322415 0.383802 -0.206946 0.423631 0.396319 -0.157317 0.431242 -0.430879 0.252826 -0.150306 0.101761 
0.0321175 -0.0169814 0.00334456 0.13816 0.0450586 -0.250274 0.172831 0.142251 -0.0543361 0.119267 0.745239 
0.168501 0.316014 -0.398556 0.165513 0.263119 -0.374555 0.478054 -0.433749 0.00675386 0.120889 0.091905 
-0.000601999 0.312621 -0.474878 0.227175 0.003617 0.256986 -0.0696077 -0.446857 -0.149045 0.281174 0.119613 
-0.00891018 0.0376066 0.00300459 0.00380771 -0.00594088 0.0873943 0.0499482 0.247352 -0.293957 0.190037 1.71423 
0.0164403 0.00760309 0.0335227 0.0243055 0.0304332 0.0749755 0.310193 0.00223202 0.0712025 0.274322 -1.6535 
-0.194927 0.229846 -0.418781 -0.408112 -0.403559 0.232653 0.200504 -0.314072 -0.304299 0.344809 0.448158 
0.296995 -0.267732 0.196464 0.409602 0.182046 -0.431055 0.242816 0.195797 -0.354295 0.2385 -0.206732 
0.482647 0.250997 -0.0825074 0.340975 -0.428031 -0.382839 -0.513787 0.201452 -0.433595 -0.14241 -0.356257 
0.374682 0.0803843 0.127096 0.218241 -0.389584 0.474576 -0.33371 0.485186 0.443442 -0.190425 -0.0804659 
-0.0201054 -0.0201057 -0.028646 -0.0118441 -0.0356167 -0.188895 0.0833047 0.201826 3.07304e-05 0.187769 -0.951937 
0.0103767 0.0161978 -0.00844292 -0.0113253 0.00717817 -0.0169861 0.108625 -0.256574 -0.263089 0.274286 1.89556 
-0.0100441 -0.019657 -0.0129024 -0.0302944 0.0149549 -0.0761349 0.0260398 -0.299331 -0.268569 -0.15429 -1.65082 
-0.234691 0.422644 -0.355543 0.167828 -0.0851348 -0.346705 0.497709 0.346418 -0.209324 0.477794 -0.246232 
0.0257871 -0.0174618 0.0222887 -0.00556411 0.0584679 -0.026145 0.208883 -0.000795804 0.312811 -0.239631 1.83261 
0.0070539 0.0107855 -0.0166263 -0.00653646 0.0517359 0.0402 0.31678 0.0412753 0.0530441 -0.207693 -1.23754 
0.14176 0.0962519 0.366163 -0.223606 -0.255443 -0.366023 -0.095534 -0.121861 0.0654475 -0.181997 -0.515856 
-0.113079 0.00681479 -0.350848 0.0867214 -0.425816 -0.238584 0.209241 0.308101 0.125906 -0.347107 -0.314464 
0.00736774 -0.0077718 -0.00213386 0.00587558 -0.0115765 0.0579969 -0.056038 0.229948 -0.312878 -0.228374 -1.84075 
