37 J_liner_layer
10 20 0.001 1 0.2 0.999 0.001
-0.0823191 -0.113137 0.246219 -0.0381884 -0.255481 -0.37909 -0.406573 0.185666 0.522025 0.427765 -0.43872 
0.322964 0.0148875 0.105994 -0.414713 -0.443988 0.0997061 -0.322356 0.156051 -0.41924 0.357794 -0.0958491 
0.226967 0.577447 -0.104727 -0.358464 0.204898 -0.346871 -0.217879 -0.0922895 -0.237004 0.132391 -0.303619 
0.00669723 0.017744 0.00743897 0.0232415 0.0101214 -0.00486272 0.344024 -1.76184 -0.409801 1.95197 -1.06713 
-0.0112452 0.00303327 -0.012304 -0.0221809 0.843053 -0.100377 -0.744482 0.00178554 -0.192803 0.110613 0.99767 
-0.420549 -0.112785 -0.135732 -0.106578 0.209118 0.252643 -0.286811 -0.217811 -0.29043 0.191035 0.348953 
0.19181 -0.0955289 0.0851585 -0.0538496 -0.258809 -0.25799 0.140505 -0.148767 -0.374004 0.0233069 0.377269 
0.075714 -0.194782 -0.0140074 -0.12789 0.168048 -0.427543 0.372129 0.126066 0.345904 -0.213068 0.432965 
0.173749 -0.160903 0.203519 -0.0696099 0.265888 -0.382 -0.494192 -0.417998 0.0202066 -0.00762784 0.201582 
-0.0403136 0.00747521 -0.0514789 0.0068647 -0.0623994 -0.0190143 -0.16841 0.119531 -0.203055 -0.0438532 0.761567 
0.208416 -0.0378057 -0.396309 -0.294021 -0.230989 0.247824 -0.40392 -0.416922 0.207745 0.403773 -0.0605245 
-0.0745524 0.368966 -0.124158 -0.0543725 0.237438 0.38524 0.258682 -0.43576 -0.41999 0.276724 0.240897 
0.0173901 0.000203466 0.0499328 -0.0347785 0.105221 -0.0775649 0.094019 -0.0472647 0.0136402 -0.049566 1.1479 
-0.00928864 -0.0073116 -0.00483266 -0.00095218 -0.0132075 -0.00705873 1.26416 0.353893 -1.39482 -0.380402 0.946361 
0.00963643 -0.014039 -0.00282906 -0.0186951 -0.0052126 0.00385865 -1.27497 -0.92079 1.42642 1.00346 1.036 
0.00717644 0.00655916 -0.00483575 -0.0042476 -0.0184544 0.0135277 1.03151 -1.30422 -1.1434 1.44767 1.02567 
0.0247458 0.0245529 0.0398772 0.0739084 0.0401374 0.0742255 0.0461725 0.123089 0.0221396 0.123181 1.52107 
0.0981745 0.528716 -0.165589 0.380033 0.353486 -0.374931 0.262762 -0.169497 0.0817397 0.17499 -0.211309 
0.00302832 -0.0197295 0.480472 -0.130031 -0.603092 0.0517916 -0.456978 0.0913072 0.612326 0.00100036 0.766748 
0.013422 0.00353281 -0.00737303 -0.0194808 0.16598 0.691774 0.372189 -0.427331 -0.606116 -0.346587 -0.877483 
