37 J_liner_layer
10 20 0.001 1 0.2 0.999 0.001
-0.0726326 -0.0975304 0.219058 -0.0362189 -0.222566 -0.320581 -0.42483 0.145085 0.682415 0.380232 -0.338847 
0.305624 0.0140512 0.101252 -0.421793 -0.401393 0.107748 -0.280239 0.171646 -0.461067 0.367955 -0.0897351 
0.19995 0.577899 -0.106761 -0.355112 0.151507 -0.34305 -0.226203 -0.0904945 -0.279225 0.115753 -0.287945 
0.0245943 0.0109364 0.0695276 0.0214335 0.0194529 0.000162348 0.667815 -1.58956 -0.886799 1.81114 -0.738307 
-0.0109956 -0.0190168 0.00954341 -0.00767769 0.730964 -0.0830737 -0.905217 -0.0236781 -0.188561 0.100521 0.885075 
-0.388873 -0.125966 -0.128854 -0.126599 0.168246 0.252932 -0.225234 -0.18212 -0.316725 0.169583 0.384601 
0.0938089 -0.104418 0.00886479 -0.065518 -0.173512 -0.250063 -0.0507713 -0.180431 -0.324011 0.00126362 0.448967 
0.0830217 -0.188768 -0.00326935 -0.121675 0.190095 -0.41706 0.403964 0.13769 0.317594 -0.212586 0.440431 
0.175554 -0.160802 0.203909 -0.0684892 0.271873 -0.390192 -0.464453 -0.416162 0.00525145 -0.0250773 0.221478 
-0.0231167 0.00154248 -0.0582704 0.0212303 -0.0641304 0.0214337 -0.119667 0.0167506 -0.285025 -0.00355612 1.06676 
0.178899 -0.0311559 -0.405981 -0.265024 -0.29498 0.22746 -0.467862 -0.405712 0.149169 0.392282 -0.0980129 
-0.0736261 0.368608 -0.122376 -0.0549163 0.241 0.38718 0.260033 -0.43834 -0.411214 0.276103 0.243412 
-0.0309083 0.00145438 -0.0653609 0.0188546 -0.0770354 0.0194815 -0.140278 0.00481665 -0.326123 -0.0100585 1.43599 
-0.00853728 0.0122651 0.0261614 -0.00913901 0.0074988 -0.0389822 0.978906 0.446168 -1.67879 -0.457791 0.616123 
0.0827901 -0.0275172 0.0690605 0.0388633 0.21774 0.0557438 -1.00514 -0.996493 1.48445 1.00377 0.783609 
-0.0389237 0.0154979 0.0173795 0.0019179 -0.0180273 -0.0198967 0.598073 -1.475 -1.08588 1.66852 0.631904 
-0.0513503 0.0191901 -0.0597529 0.0308073 -0.080199 0.0296161 -0.175065 0.0101846 -0.395424 -0.00820791 2.01391 
0.0920048 0.537137 -0.177164 0.387631 0.300165 -0.3778 0.246576 -0.173064 0.114763 0.176392 -0.223215 
0.00997565 -0.0124842 0.579009 -0.145339 -0.745589 0.0511138 -0.386317 0.116995 0.433825 -0.0246302 0.654726 
-0.0189635 0.0129335 -0.0951565 -0.026524 -0.110168 0.681918 -0.0640657 -0.442354 -0.653471 -0.369434 -0.844395 
